{
  "advancedEditorSelectedIdentifier" : "ProjectBrowser",
  "openSceneRelativePaths" : [
    "Immersive.usda",
    "Scene01.usda",
    "Scene.usda"
  ],
  "recentIdentifiers" : {

  },
  "sceneCameraHistory" : {
    "1D572CEB-057A-41C3-B575-04C37501A3C0" : [
      {
        "date" : 730510120.58248103,
        "title" : "Untitled",
        "transform" : [
          1,
          0,
          -0,
          0,
          -0,
          0.86602497100830078,
          -0.50000065565109253,
          0,
          0,
          0.50000065565109253,
          0.86602497100830078,
          0,
          0,
          3.4514956474304199,
          3.8608267307281494,
          1
        ]
      }
    ],
    "6C467EEA-42FA-464C-83CB-8C822D347DD7" : [
      {
        "date" : 730511954.42945695,
        "title" : "Untitled",
        "transform" : [
          0.99975764751434326,
          1.4106793511103888e-10,
          -0.022012678906321526,
          0,
          -0.0070107965730130672,
          0.94792652130126953,
          -0.31841179728507996,
          0,
          0.020866405218839645,
          0.31848898530006409,
          0.94769686460494995,
          0,
          0.007506372407078743,
          1.5769490003585815,
          2.3167293071746826,
          1
        ]
      },
      {
        "date" : 730510340.379583,
        "title" : "Untitled",
        "transform" : [
          0.99975776672363281,
          8.2911384424733114e-07,
          -0.022012967616319656,
          0,
          -0.0071159177459776402,
          0.94632232189178467,
          -0.32314631342887878,
          0,
          0.020831091329455376,
          0.32322463393211365,
          0.94609296321868896,
          0,
          0.0074963048100471497,
          1.6060253381729126,
          2.3162720203399658,
          1
        ]
      },
      {
        "date" : 730510335.57942104,
        "title" : "Untitled",
        "transform" : [
          0.99972724914550781,
          7.6710904295396176e-10,
          -0.023357938975095749,
          0,
          -0.021928442642092705,
          0.34446176886558533,
          -0.93854421377182007,
          0,
          0.008045918308198452,
          0.93880033493041992,
          0.34436780214309692,
          0,
          -0.024646729230880737,
          3.5695080757141113,
          0.80220139026641846,
          1
        ]
      },
      {
        "date" : 730510332.65800405,
        "title" : "Untitled",
        "transform" : [
          0.99972724914550781,
          7.6710904295396176e-10,
          -0.023357938975095749,
          0,
          -0.021928442642092705,
          0.34446176886558533,
          -0.93854421377182007,
          0,
          0.008045918308198452,
          0.93880033493041992,
          0.34436780214309692,
          0,
          0.062573142349720001,
          3.06315016746521,
          2.180577278137207,
          1
        ]
      },
      {
        "date" : 730510330.81824696,
        "title" : "Untitled",
        "transform" : [
          0.99972724914550781,
          7.6710904295396176e-10,
          -0.023357938975095749,
          0,
          -0.021928442642092705,
          0.34446176886558533,
          -0.93854421377182007,
          0,
          0.008045918308198452,
          0.93880033493041992,
          0.34436780214309692,
          0,
          0.062573142349720001,
          3.06315016746521,
          2.180577278137207,
          1
        ]
      },
      {
        "date" : 730510329.01778305,
        "title" : "Untitled",
        "transform" : [
          1,
          0,
          0,
          0,
          0,
          0.86602544784545898,
          -0.49999994039535522,
          0,
          0,
          0.49999994039535522,
          0.86602544784545898,
          0,
          -5.666289507644251e-05,
          0.86574208736419678,
          2.8805267810821533,
          1
        ]
      },
      {
        "date" : 730510227.61635602,
        "title" : "Untitled",
        "transform" : [
          1,
          0,
          -0,
          0,
          -0,
          0.86602544784545898,
          -0.49999994039535522,
          0,
          0,
          0.49999994039535522,
          0.86602544784545898,
          0,
          0,
          0.21162685751914978,
          0.36654853820800781,
          1
        ]
      }
    ],
    "D66134B1-3681-4A8E-AFE5-29F257229F3B" : [
      {
        "date" : 730511257.10575998,
        "title" : "Untitled",
        "transform" : [
          1,
          0,
          0,
          0,
          0,
          0.86602520942687988,
          -0.50000035762786865,
          0,
          0,
          0.50000035762786865,
          0.86602520942687988,
          0,
          -3.1874307751422748e-05,
          1.0623323917388916,
          2.6168692111968994,
          1
        ]
      },
      {
        "date" : 730510755.52189505,
        "title" : "Untitled",
        "transform" : [
          1,
          0,
          0,
          0,
          0,
          0.86602520942687988,
          -0.50000035762786865,
          0,
          0,
          0.50000035762786865,
          0.86602520942687988,
          0,
          0,
          0.51873958110809326,
          0.8984832763671875,
          1
        ]
      },
      {
        "date" : 730510753.72176099,
        "title" : "Untitled",
        "transform" : [
          1,
          0,
          -0,
          0,
          -0,
          0.86602520942687988,
          -0.50000035762786865,
          0,
          0,
          0.50000035762786865,
          0.86602520942687988,
          0,
          0,
          0.41869071125984192,
          0.72519361972808838,
          1
        ]
      }
    ]
  },
  "selectedSceneRelativePath" : "Scene01.usda"
}