{
  "advancedEditorSelectedIdentifier" : "ProjectBrowser",
  "openSceneRelativePaths" : [
    "Immersive.usda",
    "Scene01.usda",
    "Weapons.usda",
    "Target.usda",
    "Monster - Watcher.usda",
    "Island - Nature Engine.usda",
    "Coyote.usda"
  ],
  "recentIdentifiers" : {
    "0BA49D09-1004-472B-BE65-FDF58697A6BF" : [

    ],
    "1D572CEB-057A-41C3-B575-04C37501A3C0" : [

    ],
    "6C467EEA-42FA-464C-83CB-8C822D347DD7" : [

    ],
    "6EBBA079-CFF4-499D-AE2D-B5F9B677F78E" : [

    ],
    "251D95AC-8541-46E4-A701-FB70DF8D96F3" : [

    ],
    "2831F438-0943-4498-821C-EF5AA3F737C8" : [

    ],
    "5600AD10-685F-437E-BF14-231787F52283" : [

    ],
    "726009F9-C4FA-41C4-813B-E0FDE812BF56" : [

    ],
    "4761986F-DADD-497F-8599-78BB4654132F" : [

    ],
    "6244253D-3103-42FC-8824-EE111AF49BDC" : [

    ],
    "77509149-B205-4A05-A732-C817D05FF58C" : [

    ],
    "C3F96BC3-6E4E-4472-9AF2-FCDE1CF70B4A" : [

    ],
    "C248778E-2B2E-4FCA-92ED-A1D1B0353C93" : [

    ],
    "D7FB23BD-F9E6-4FDC-B273-7DE61377827A" : [

    ],
    "E010EBCA-365A-4100-9FFF-150D5868924F" : [

    ]
  },
  "sceneCameraHistory" : {
    "0BA49D09-1004-472B-BE65-FDF58697A6BF" : [
      {
        "date" : 732665885.816038,
        "title" : "Untitled",
        "transform" : [
          0.99938756,
          1.01616475e-08,
          0.03499239,
          0,
          -0.03494982,
          0.049321562,
          0.99817127,
          0,
          -0.0017257644,
          -0.998783,
          0.049291465,
          0,
          0.67355895,
          -5.097425,
          1.7542906,
          1
        ]
      },
      {
        "date" : 732665881.541475,
        "title" : "Untitled",
        "transform" : [
          0.99938756,
          1.01616475e-08,
          0.03499239,
          0,
          -0.03494982,
          0.049321562,
          0.99817127,
          0,
          -0.0017257644,
          -0.998783,
          0.049291465,
          0,
          4.275623,
          -32.357475,
          11.1359,
          1
        ]
      },
      {
        "date" : 731480424.009827,
        "title" : "Untitled",
        "transform" : [
          0.99938756,
          1.01616475e-08,
          0.03499239,
          0,
          -0.03494982,
          0.049321562,
          0.99817127,
          0,
          -0.0017257644,
          -0.998783,
          0.049291465,
          0,
          6.0486507,
          -45.77557,
          15.753768,
          1
        ]
      },
      {
        "date" : 731479929.113901,
        "title" : "Untitled",
        "transform" : [
          0.99938756,
          1.01616475e-08,
          0.03499239,
          0,
          -0.03494982,
          0.049321562,
          0.99817127,
          0,
          -0.0017257644,
          -0.998783,
          0.049291465,
          0,
          -2.9878578,
          -71.779785,
          9.423347,
          1
        ]
      },
      {
        "date" : 731479924.893866,
        "title" : "Untitled",
        "transform" : [
          0.99938756,
          1.01616475e-08,
          0.03499239,
          0,
          -0.03494982,
          0.049321562,
          0.99817127,
          0,
          -0.0017257644,
          -0.998783,
          0.049291465,
          0,
          13.170015,
          -16.555895,
          -5.687154,
          1
        ]
      },
      {
        "date" : 731479792.652192,
        "title" : "Untitled",
        "transform" : [
          0.99938756,
          1.01616475e-08,
          0.03499239,
          0,
          -0.03494982,
          0.049321562,
          0.99817127,
          0,
          -0.0017257644,
          -0.998783,
          0.049291465,
          0,
          7.0305314,
          -37.539234,
          0.054361515,
          1
        ]
      },
      {
        "date" : 731478543.574128,
        "title" : "Untitled",
        "transform" : [
          0.99938756,
          1.01616475e-08,
          0.03499239,
          0,
          -0.03494982,
          0.049321562,
          0.99817127,
          0,
          -0.0017257644,
          -0.998783,
          0.049291465,
          0,
          3.5081012,
          -18.731361,
          0.027125359,
          1
        ]
      },
      {
        "date" : 731478270.331761,
        "title" : "Untitled",
        "transform" : [
          0.9988896,
          1.0169803e-08,
          -0.04711063,
          0,
          0.047081918,
          0.03489951,
          0.9982812,
          0,
          0.0016442615,
          -0.99939084,
          0.03486086,
          0,
          4.367945,
          -18.882526,
          0.031967685,
          1
        ]
      },
      {
        "date" : 731478263.076388,
        "title" : "Untitled",
        "transform" : [
          0.9988896,
          1.0169803e-08,
          -0.04711063,
          0,
          0.047081918,
          0.03489951,
          0.9982812,
          0,
          0.0016442615,
          -0.99939084,
          0.03486086,
          0,
          2.7118979,
          -10.817033,
          -0.07273245,
          1
        ]
      },
      {
        "date" : 731478255.84214,
        "title" : "Untitled",
        "transform" : [
          0.9988896,
          1.0169803e-08,
          -0.04711063,
          0,
          0.047081925,
          0.034899514,
          0.9982813,
          0,
          0.0016442615,
          -0.99939084,
          0.03486086,
          0,
          2.4662828,
          -10.670678,
          4.1345735,
          1
        ]
      }
    ],
    "1AA4DE8D-BECD-471C-9CDB-A34B0BC3DCE6" : [
      {
        "date" : 735178522.378299,
        "title" : "Untitled",
        "transform" : [
          0.99839264,
          -3.257425e-09,
          -0.056676056,
          0,
          -0.015740143,
          0.96066165,
          -0.2772749,
          0,
          0.054446507,
          0.2777213,
          0.9591175,
          0,
          0.15643021,
          0.95755273,
          2.7705238,
          1
        ]
      },
      {
        "date" : 735178518.553721,
        "title" : "Untitled",
        "transform" : [
          0.9983925,
          -3.2574246e-09,
          -0.05667605,
          0,
          -0.015740143,
          0.96066165,
          -0.2772749,
          0,
          0.054446507,
          0.2777213,
          0.9591175,
          0,
          0.008434823,
          0.20265648,
          0.16347013,
          1
        ]
      },
      {
        "date" : 735178514.092452,
        "title" : "Untitled",
        "transform" : [
          0.99955726,
          -4.8146362e-09,
          -0.029753191,
          0,
          0.0022242083,
          0.99720186,
          0.07472203,
          0,
          0.029669939,
          -0.074755125,
          0.99676037,
          0,
          0.00461182,
          0.14781797,
          0.17006063,
          1
        ]
      },
      {
        "date" : 735178472.784374,
        "title" : "Untitled",
        "transform" : [
          0.99955726,
          -4.9310516e-09,
          -0.029753191,
          0,
          0.0022242086,
          0.99720186,
          0.07472203,
          0,
          0.029669939,
          -0.074755125,
          0.99676037,
          0,
          0.0725665,
          0.5330046,
          1.5510645,
          1
        ]
      },
      {
        "date" : 735178449.11036,
        "title" : "Untitled",
        "transform" : [
          0.9995572,
          -4.983563e-09,
          -0.029753188,
          0,
          0.0022242113,
          0.9972019,
          0.07472204,
          0,
          0.029669926,
          -0.074755125,
          0.99676037,
          0,
          0.060408518,
          0.48214546,
          2.0814095,
          1
        ]
      },
      {
        "date" : 735178446.443384,
        "title" : "Untitled",
        "transform" : [
          -0.62488955,
          2.3957963e-08,
          -0.78071296,
          0,
          -0.7020651,
          0.43741152,
          0.5619391,
          0,
          0.3414929,
          0.8992613,
          -0.2733339,
          0,
          0.25091925,
          2.113261,
          -0.19885674,
          1
        ]
      },
      {
        "date" : 735178445.057638,
        "title" : "Untitled",
        "transform" : [
          -0.7052822,
          -4.1893937e-09,
          -0.7089266,
          0,
          -0.42348734,
          0.8019701,
          0.42131028,
          0,
          0.56853795,
          0.5973641,
          -0.56561524,
          0,
          0.89161295,
          1.7292914,
          -0.8848475,
          1
        ]
      },
      {
        "date" : 735178441.817777,
        "title" : "Untitled",
        "transform" : [
          -0.25143355,
          -4.1258943e-09,
          -0.9678745,
          0,
          -0.44806537,
          0.8863909,
          0.11639801,
          0,
          0.8579152,
          0.46293744,
          -0.22286841,
          0,
          1.465718,
          1.5087354,
          -0.37916481,
          1
        ]
      },
      {
        "date" : 735178234.008726,
        "title" : "Untitled",
        "transform" : [
          0.7665537,
          -4.9040927e-09,
          -0.64218014,
          0,
          0.076872945,
          0.99280936,
          0.091761224,
          0,
          0.63756245,
          -0.11970618,
          0.7610417,
          0,
          1.3486333,
          0.38763094,
          1.6122371,
          1
        ]
      },
      {
        "date" : 735178231.093787,
        "title" : "Untitled",
        "transform" : [
          0.76655287,
          2.0579094e-09,
          -0.64218116,
          0,
          0.054515798,
          0.99639016,
          0.065073915,
          0,
          0.639863,
          -0.08489162,
          0.7637858,
          0,
          1.3426409,
          0.4606508,
          1.6050792,
          1
        ]
      }
    ],
    "1D572CEB-057A-41C3-B575-04C37501A3C0" : [
      {
        "date" : 732728186.712725,
        "title" : "Untitled",
        "transform" : [
          0.9926724,
          3.683842e-10,
          -0.120836854,
          0,
          -0.017686805,
          0.98923004,
          -0.14529675,
          0,
          0.119535446,
          0.14636928,
          0.9819813,
          0,
          2.016396,
          0.3174696,
          0.14625967,
          1
        ]
      },
      {
        "date" : 732728172.218107,
        "title" : "Untitled",
        "transform" : [
          0.9926724,
          3.683842e-10,
          -0.120836854,
          0,
          -0.017686805,
          0.98923004,
          -0.14529675,
          0,
          0.119535446,
          0.14636928,
          0.9819813,
          0,
          3.1437938,
          0.28969717,
          1.1928275,
          1
        ]
      },
      {
        "date" : 732728169.431262,
        "title" : "Untitled",
        "transform" : [
          0.9926724,
          3.683842e-10,
          -0.120836854,
          0,
          -0.017686805,
          0.98923004,
          -0.14529675,
          0,
          0.119535446,
          0.14636928,
          0.9819813,
          0,
          3.016396,
          0.1337009,
          0.1462596,
          1
        ]
      },
      {
        "date" : 732728167.203495,
        "title" : "Untitled",
        "transform" : [
          0.99267244,
          5.529512e-10,
          -0.12083686,
          0,
          -0.017686797,
          0.98923,
          -0.14529675,
          0,
          0.1195354,
          0.14636926,
          0.98198134,
          0,
          0.23818326,
          0.40796155,
          0.86684227,
          1
        ]
      },
      {
        "date" : 731398314.048275,
        "title" : "Untitled",
        "transform" : [
          0.99267244,
          5.529512e-10,
          -0.12083686,
          0,
          -0.017686797,
          0.98923,
          -0.14529675,
          0,
          0.1195354,
          0.14636926,
          0.98198134,
          0,
          0.11461045,
          0.6385886,
          0.84750843,
          1
        ]
      },
      {
        "date" : 731397434.576905,
        "title" : "Untitled",
        "transform" : [
          0.99304736,
          5.529512e-10,
          -0.11771599,
          0,
          -0.017229998,
          0.98923,
          -0.14535163,
          0,
          0.11644814,
          0.14636926,
          0.98235226,
          0,
          0.037540983,
          0.55864626,
          0.31259707,
          1
        ]
      },
      {
        "date" : 731397399.209984,
        "title" : "Untitled",
        "transform" : [
          0.99319565,
          5.529512e-10,
          -0.11645822,
          0,
          -0.017045898,
          0.98923,
          -0.14537333,
          0,
          0.11520392,
          0.14636926,
          0.98249894,
          0,
          0.022727564,
          0.54585886,
          0.22732231,
          1
        ]
      },
      {
        "date" : 731397153.051575,
        "title" : "Untitled",
        "transform" : [
          0.99319565,
          5.529512e-10,
          -0.11645822,
          0,
          -0.017045898,
          0.98923,
          -0.14537333,
          0,
          0.11520392,
          0.14636926,
          0.98249894,
          0,
          0.078365736,
          0.6270225,
          0.72248054,
          1
        ]
      },
      {
        "date" : 731397149.311612,
        "title" : "Untitled",
        "transform" : [
          0.99319565,
          5.529512e-10,
          -0.11645822,
          0,
          -0.017045898,
          0.98923,
          -0.14537333,
          0,
          0.11520392,
          0.14636926,
          0.98249894,
          0,
          0.022089452,
          0.555522,
          0.24253702,
          1
        ]
      },
      {
        "date" : 731397144.278185,
        "title" : "Untitled",
        "transform" : [
          0.99319565,
          5.529512e-10,
          -0.11645822,
          0,
          -0.017045898,
          0.98923,
          -0.14537333,
          0,
          0.11520392,
          0.14636926,
          0.98249894,
          0,
          0.4403338,
          1.0869118,
          3.8094754,
          1
        ]
      }
    ],
    "4ACAD5DD-3BA9-4D9F-BF82-C67381B1812D" : [
      {
        "date" : 735937742.283377,
        "title" : "Untitled",
        "transform" : [
          1,
          0,
          -0,
          0,
          -0,
          0.8715553,
          -0.4902972,
          0,
          0,
          0.4902972,
          0.8715553,
          0,
          -72.962845,
          5592.944,
          9204.732,
          1
        ]
      }
    ],
    "6C467EEA-42FA-464C-83CB-8C822D347DD7" : [
      {
        "date" : 735178022.312045,
        "title" : "Untitled",
        "transform" : [
          0.7273619,
          5.2739775e-08,
          -0.68625414,
          0,
          -0.18562604,
          0.9627223,
          -0.19674528,
          0,
          0.6606721,
          0.2704917,
          0.70024747,
          0,
          3.2721338,
          0.43008828,
          -2.0939302,
          1
        ]
      },
      {
        "date" : 734473741.829955,
        "title" : "Untitled",
        "transform" : [
          0.738016,
          5.2739775e-08,
          -0.6747833,
          0,
          -0.18252328,
          0.9627223,
          -0.19962712,
          0,
          0.6496289,
          0.2704917,
          0.7105044,
          0,
          6.105868,
          2.5361261,
          0.022367924,
          1
        ]
      },
      {
        "date" : 734473719.795475,
        "title" : "Untitled",
        "transform" : [
          0.738016,
          5.2739775e-08,
          -0.6747833,
          0,
          -0.18252328,
          0.9627223,
          -0.19962712,
          0,
          0.6496289,
          0.2704917,
          0.7105044,
          0,
          4.1869516,
          2.0219336,
          -0.14179882,
          1
        ]
      },
      {
        "date" : 733435723.288742,
        "title" : "Untitled",
        "transform" : [
          0.738016,
          5.2739775e-08,
          -0.6747833,
          0,
          -0.18252328,
          0.9627223,
          -0.19962712,
          0,
          0.6496289,
          0.2704917,
          0.7105044,
          0,
          10.389305,
          5.0171313,
          -0.351853,
          1
        ]
      },
      {
        "date" : 733435716.829951,
        "title" : "Untitled",
        "transform" : [
          0.738016,
          5.2739775e-08,
          -0.6747833,
          0,
          -0.18252328,
          0.9627223,
          -0.19962712,
          0,
          0.6496289,
          0.2704917,
          0.7105044,
          0,
          72.17938,
          38.145016,
          29.034515,
          1
        ]
      },
      {
        "date" : 733435693.8757,
        "title" : "Untitled",
        "transform" : [
          0.7397023,
          5.2739775e-08,
          -0.67293435,
          0,
          -0.18202317,
          0.9627223,
          -0.20008326,
          0,
          0.64784884,
          0.2704917,
          0.71212786,
          0,
          154.68433,
          62.18257,
          60.76893,
          1
        ]
      },
      {
        "date" : 733435674.346279,
        "title" : "Untitled",
        "transform" : [
          0.7397023,
          5.2739775e-08,
          -0.67293435,
          0,
          -0.18202317,
          0.9627223,
          -0.20008326,
          0,
          0.64784884,
          0.2704917,
          0.71212786,
          0,
          13.994986,
          7.572315,
          0.26621437,
          1
        ]
      },
      {
        "date" : 733435671.03094,
        "title" : "Untitled",
        "transform" : [
          0.74031806,
          5.2739775e-08,
          -0.6722568,
          0,
          -0.18183991,
          0.9627223,
          -0.20024982,
          0,
          0.64719665,
          0.2704917,
          0.7127207,
          0,
          72.480896,
          44.5288,
          50.434757,
          1
        ]
      },
      {
        "date" : 733435668.694976,
        "title" : "Untitled",
        "transform" : [
          0.74031806,
          5.2739775e-08,
          -0.6722568,
          0,
          -0.18183991,
          0.9627223,
          -0.20024982,
          0,
          0.64719665,
          0.2704917,
          0.7127207,
          0,
          113.07623,
          18.367304,
          23.500385,
          1
        ]
      },
      {
        "date" : 733435652.1423,
        "title" : "Untitled",
        "transform" : [
          0.74031806,
          6.019036e-08,
          -0.6722568,
          0,
          -0.18183993,
          0.9627223,
          -0.20024982,
          0,
          0.64719665,
          0.2704917,
          0.7127207,
          0,
          4.7698374,
          -0.22058249,
          1.9624445,
          1
        ]
      }
    ],
    "6EBBA079-CFF4-499D-AE2D-B5F9B677F78E" : [
      {
        "date" : 733370901.09856,
        "title" : "Untitled",
        "transform" : [
          0.7572199,
          3.4711967e-09,
          0.6531599,
          0,
          0.18228494,
          0.9602673,
          -0.21132617,
          0,
          -0.6272082,
          0.2790816,
          0.7271336,
          0,
          -0.21495485,
          0.22917329,
          5.913623,
          1
        ]
      },
      {
        "date" : 733370896.858426,
        "title" : "Untitled",
        "transform" : [
          0.7572199,
          3.4711967e-09,
          0.6531599,
          0,
          0.18228494,
          0.9602673,
          -0.21132617,
          0,
          -0.6272082,
          0.2790816,
          0.7271336,
          0,
          -0.2247909,
          0.23965994,
          6.1842227,
          1
        ]
      },
      {
        "date" : 733370844.172704,
        "title" : "Untitled",
        "transform" : [
          0.7572199,
          3.4711967e-09,
          0.6531599,
          0,
          0.18228494,
          0.9602673,
          -0.21132617,
          0,
          -0.6272082,
          0.2790816,
          0.7271336,
          0,
          -0.21579671,
          0.23007083,
          5.9367843,
          1
        ]
      },
      {
        "date" : 733370834.256346,
        "title" : "Untitled",
        "transform" : [
          0.7572199,
          1.4554779e-08,
          0.65316,
          0,
          0.18228497,
          0.96026736,
          -0.2113262,
          0,
          -0.62720823,
          0.27908164,
          0.7271336,
          0,
          -3.2929182,
          2.4491396,
          9.01011,
          1
        ]
      },
      {
        "date" : 733370829.842214,
        "title" : "Untitled",
        "transform" : [
          0.7572199,
          1.4554779e-08,
          0.65316,
          0,
          0.18228497,
          0.96026736,
          -0.2113262,
          0,
          -0.62720823,
          0.27908164,
          0.7271336,
          0,
          -2.4678373,
          1.8743563,
          8.136244,
          1
        ]
      },
      {
        "date" : 733370776.205656,
        "title" : "Untitled",
        "transform" : [
          0.7572199,
          1.4554779e-08,
          0.65316,
          0,
          0.18228497,
          0.96026736,
          -0.2113262,
          0,
          -0.62720823,
          0.27908164,
          0.7271336,
          0,
          -0.8403642,
          0.740593,
          6.4125376,
          1
        ]
      },
      {
        "date" : 733370774.298608,
        "title" : "Untitled",
        "transform" : [
          0.7572199,
          1.4554779e-08,
          0.65316,
          0,
          0.18228497,
          0.96026736,
          -0.2113262,
          0,
          -0.62720823,
          0.27908164,
          0.7271336,
          0,
          -0.42410952,
          0.55537707,
          5.929967,
          1
        ]
      },
      {
        "date" : 733370771.461486,
        "title" : "Untitled",
        "transform" : [
          0.7572199,
          1.4554779e-08,
          0.65316,
          0,
          0.18228497,
          0.96026736,
          -0.2113262,
          0,
          -0.62720823,
          0.27908164,
          0.7271336,
          0,
          -0.64597553,
          0.65409815,
          6.18718,
          1
        ]
      },
      {
        "date" : 733370162.298554,
        "title" : "Untitled",
        "transform" : [
          0.7572199,
          1.4554779e-08,
          0.65316,
          0,
          0.18228497,
          0.96026736,
          -0.2113262,
          0,
          -0.62720823,
          0.27908164,
          0.7271336,
          0,
          -0.35752204,
          0.28788292,
          5.270545,
          1
        ]
      },
      {
        "date" : 733370161.017403,
        "title" : "Untitled",
        "transform" : [
          0.7572199,
          1.4554779e-08,
          0.65316,
          0,
          0.18228497,
          0.96026736,
          -0.2113262,
          0,
          -0.62720823,
          0.27908164,
          0.7271336,
          0,
          -0.3560089,
          0.28666452,
          5.2482386,
          1
        ]
      }
    ],
    "68E64CFB-BF5F-4BD1-B428-B54C072596E8" : [
      {
        "date" : 735521004.602907,
        "title" : "Untitled",
        "transform" : [
          0.99999994,
          0,
          -0,
          0,
          -0,
          0.8660254,
          -0.49999988,
          0,
          0,
          0.49999988,
          0.8660254,
          0,
          -0.07296324,
          2.1918192,
          -6.71393,
          1
        ]
      },
      {
        "date" : 735520813.021317,
        "title" : "Untitled",
        "transform" : [
          0.99999994,
          0,
          -0,
          0,
          -0,
          0.8660254,
          -0.49999988,
          0,
          0,
          0.49999988,
          0.8660254,
          0,
          -0.07295942,
          2.191864,
          3.2861328,
          1
        ]
      },
      {
        "date" : 735501625.013797,
        "title" : "Untitled",
        "transform" : [
          0.99999994,
          0,
          0,
          0,
          0,
          0.8660254,
          -0.49999988,
          0,
          0,
          0.49999988,
          0.8660254,
          0,
          -6.683814,
          200.78314,
          301.0229,
          1
        ]
      },
      {
        "date" : 735499732.222256,
        "title" : "Untitled",
        "transform" : [
          0.99999994,
          0,
          0,
          0,
          0,
          0.8660254,
          -0.49999988,
          0,
          0,
          0.49999988,
          0.8660254,
          0,
          -4.5584126,
          136.93564,
          205.2999,
          1
        ]
      },
      {
        "date" : 735499707.777926,
        "title" : "Untitled",
        "transform" : [
          0.99999994,
          0,
          0,
          0,
          0,
          0.8660254,
          -0.49999988,
          0,
          0,
          0.49999988,
          0.8660254,
          0,
          -0.65374714,
          19.638699,
          29.443201,
          1
        ]
      },
      {
        "date" : 735499694.269789,
        "title" : "Untitled",
        "transform" : [
          0.99999994,
          0,
          0,
          0,
          0,
          0.8660254,
          -0.49999988,
          0,
          0,
          0.49999988,
          0.8660254,
          0,
          -3.3206944,
          99.75434,
          149.55612,
          1
        ]
      },
      {
        "date" : 735499682.344279,
        "title" : "Untitled",
        "transform" : [
          0.99999994,
          0,
          0,
          0,
          0,
          0.8660254,
          -0.49999988,
          0,
          0,
          0.49999988,
          0.8660254,
          0,
          -0.0068426738,
          0.2055553,
          0.30817762,
          1
        ]
      },
      {
        "date" : 735499676.838826,
        "title" : "Untitled",
        "transform" : [
          0.99999994,
          0,
          0,
          0,
          0,
          0.8660254,
          -0.49999988,
          0,
          0,
          0.49999988,
          0.8660254,
          0,
          -0.001079367,
          0.032424405,
          0.048612103,
          1
        ]
      },
      {
        "date" : 735499664.204708,
        "title" : "Untitled",
        "transform" : [
          0.99999994,
          0,
          0,
          0,
          0,
          0.8660254,
          -0.49999988,
          0,
          0,
          0.49999988,
          0.8660254,
          0,
          -56.62997,
          1701.1753,
          2550.4763,
          1
        ]
      },
      {
        "date" : 735499653.938033,
        "title" : "Untitled",
        "transform" : [
          0.99999994,
          0,
          0,
          0,
          0,
          0.8660254,
          -0.49999988,
          0,
          0,
          0.49999988,
          0.8660254,
          0,
          -36.807747,
          1105.7119,
          1657.732,
          1
        ]
      }
    ],
    "251D95AC-8541-46E4-A701-FB70DF8D96F3" : [
      {
        "date" : 733428766.765938,
        "title" : "Untitled",
        "transform" : [
          0.99999994,
          0,
          0,
          0,
          0,
          0.8659428,
          -0.50014305,
          0,
          0,
          0.50014305,
          0.8659428,
          0,
          4.3220525,
          3.287939,
          5.441924,
          1
        ]
      },
      {
        "date" : 733428750.415619,
        "title" : "Untitled",
        "transform" : [
          0.99999994,
          0,
          -0,
          0,
          -0,
          0.8659428,
          -0.50014305,
          0,
          0,
          0.50014305,
          0.8659428,
          0,
          4.3220525,
          6.590598,
          11.162299,
          1
        ]
      }
    ],
    "596F62A4-B03B-4C4C-9431-7EF7BAC49F95" : [
      {
        "date" : 733427249.324453,
        "title" : "Untitled",
        "transform" : [
          1,
          0,
          -0,
          0,
          -0,
          0.8660258,
          -0.4999993,
          0,
          0,
          0.4999993,
          0.8660258,
          0,
          0.07383921,
          2.3814466,
          4.130663,
          1
        ]
      }
    ],
    "675B0194-BF5E-4905-9349-3E1B9AFDE518" : [
      {
        "date" : 735499430.025587,
        "title" : "Untitled",
        "transform" : [
          0.81174123,
          -3.0518213e-10,
          -0.58401734,
          0,
          -0.07865017,
          0.9908903,
          -0.10931795,
          0,
          0.57869714,
          0.13467094,
          0.8043465,
          0,
          2.234454,
          0.51998985,
          3.105729,
          1
        ]
      },
      {
        "date" : 735499274.242804,
        "title" : "Untitled",
        "transform" : [
          0.808811,
          3.2570049e-09,
          -0.5880687,
          0,
          -0.079195775,
          0.99089044,
          -0.10892334,
          0,
          0.58271164,
          0.13467094,
          0.801443,
          0,
          2.2499545,
          0.51998985,
          3.0945182,
          1
        ]
      },
      {
        "date" : 735499268.586242,
        "title" : "Untitled",
        "transform" : [
          0.808811,
          3.2570049e-09,
          -0.5880687,
          0,
          -0.079195775,
          0.99089044,
          -0.10892334,
          0,
          0.58271164,
          0.13467094,
          0.801443,
          0,
          0.7750053,
          0.17911243,
          1.0659184,
          1
        ]
      },
      {
        "date" : 735499262.150527,
        "title" : "Untitled",
        "transform" : [
          0.7944907,
          -0.0071485424,
          0.60723424,
          0,
          -0.54673606,
          0.42680195,
          0.72036076,
          0,
          -0.26431832,
          -0.9043169,
          0.33518183,
          0,
          -0.35154346,
          -1.2027415,
          0.4457918,
          1
        ]
      },
      {
        "date" : 735499253.586163,
        "title" : "Untitled",
        "transform" : [
          0.7944907,
          -0.0071485424,
          0.60723424,
          0,
          -0.54673606,
          0.42680195,
          0.72036076,
          0,
          -0.26431832,
          -0.9043169,
          0.33518183,
          0,
          0,
          0,
          0,
          1
        ]
      },
      {
        "date" : 735499248.619942,
        "title" : "Untitled",
        "transform" : [
          0.7944907,
          -0.0071485424,
          0.60723424,
          0,
          -0.54673606,
          0.42680195,
          0.72036076,
          0,
          -0.26431832,
          -0.9043169,
          0.33518183,
          0,
          0,
          0,
          0,
          1
        ]
      },
      {
        "date" : 735499234.415039,
        "title" : "Untitled",
        "transform" : [
          1,
          0,
          0,
          0,
          0,
          1,
          0,
          0,
          0,
          0,
          1,
          0,
          0,
          0,
          0,
          1
        ]
      },
      {
        "date" : 735236050.550529,
        "title" : "Untitled",
        "transform" : [
          1,
          0,
          0,
          0,
          0,
          1,
          0,
          0,
          0,
          0,
          1,
          0,
          0,
          0,
          0,
          1
        ]
      }
    ],
    "2831F438-0943-4498-821C-EF5AA3F737C8" : [
      {
        "date" : 733376616.421418,
        "title" : "Untitled",
        "transform" : [
          -0.99979514,
          0.012695448,
          0.015765741,
          0,
          0.018580716,
          0.26659918,
          0.9636283,
          0,
          0.008030558,
          0.96372384,
          -0.26678047,
          0,
          1967.5483,
          4343.573,
          -2597.9712,
          1
        ]
      },
      {
        "date" : 733376593.754129,
        "title" : "Untitled",
        "transform" : [
          -0.99979514,
          0.012695448,
          0.015765741,
          0,
          0.018580716,
          0.26659918,
          0.9636283,
          0,
          0.008030558,
          0.96372384,
          -0.26678047,
          0,
          1762.3315,
          3089.8855,
          -1549.614,
          1
        ]
      },
      {
        "date" : 733376587.127557,
        "title" : "Untitled",
        "transform" : [
          -0.9990055,
          0.0072317678,
          -0.043995965,
          0,
          -0.039996643,
          0.29070136,
          0.9559775,
          0,
          0.019703094,
          0.9567865,
          -0.29012302,
          0,
          221.69092,
          388.6895,
          -194.93237,
          1
        ]
      },
      {
        "date" : 733376585.743305,
        "title" : "Untitled",
        "transform" : [
          -0.9990055,
          0.0072317678,
          -0.043995965,
          0,
          -0.039996643,
          0.29070136,
          0.9559775,
          0,
          0.019703094,
          0.9567865,
          -0.29012302,
          0,
          216.00858,
          378.72668,
          -189.93591,
          1
        ]
      },
      {
        "date" : 733375370.432599,
        "title" : "Untitled",
        "transform" : [
          -0.9990055,
          0.0072317678,
          -0.043995965,
          0,
          -0.039996643,
          0.29070136,
          0.9559775,
          0,
          0.019703094,
          0.9567865,
          -0.29012302,
          0,
          327.08237,
          573.4717,
          -287.6029,
          1
        ]
      },
      {
        "date" : 733375342.874515,
        "title" : "Untitled",
        "transform" : [
          -0.7505488,
          2.2729525e-08,
          -0.66081506,
          0,
          -0.1392208,
          0.9775549,
          0.15812597,
          0,
          0.64598304,
          0.21068048,
          -0.73370266,
          0,
          176.34724,
          98.94421,
          -169.29416,
          1
        ]
      },
      {
        "date" : 733375320.860183,
        "title" : "Untitled",
        "transform" : [
          -0.7505488,
          2.2729525e-08,
          -0.66081506,
          0,
          -0.1392208,
          0.9775549,
          0.15812597,
          0,
          0.64598304,
          0.21068048,
          -0.73370266,
          0,
          77.365616,
          41.635456,
          -67.504005,
          1
        ]
      },
      {
        "date" : 733375313.894072,
        "title" : "Untitled",
        "transform" : [
          -0.7505488,
          2.2729525e-08,
          -0.66081506,
          0,
          -0.1392208,
          0.9775549,
          0.15812597,
          0,
          0.64598304,
          0.21068048,
          -0.73370266,
          0,
          204.4723,
          115.22815,
          -198.2172,
          1
        ]
      },
      {
        "date" : 733375304.353006,
        "title" : "Untitled",
        "transform" : [
          -0.7505488,
          2.2729525e-08,
          -0.66081506,
          0,
          -0.1392208,
          0.9775549,
          0.15812597,
          0,
          0.64598304,
          0.21068048,
          -0.73370266,
          0,
          246.03151,
          139.29028,
          -240.95566,
          1
        ]
      },
      {
        "date" : 733375263.311221,
        "title" : "Untitled",
        "transform" : [
          -0.7505488,
          2.2729525e-08,
          -0.66081506,
          0,
          -0.1392208,
          0.9775549,
          0.15812597,
          0,
          0.64598304,
          0.21068048,
          -0.73370266,
          0,
          354.21204,
          201.92497,
          -352.2056,
          1
        ]
      }
    ],
    "5600AD10-685F-437E-BF14-231787F52283" : [
      {
        "date" : 734558463.403703,
        "title" : "Untitled",
        "transform" : [
          0.99998206,
          2.55852e-10,
          0.005996669,
          0,
          0.0029983337,
          0.8660254,
          -0.49999094,
          0,
          -0.0051932675,
          0.49999994,
          0.8660098,
          0,
          0.09896027,
          0.095505856,
          0.19758497,
          1
        ]
      },
      {
        "date" : 734558455.957449,
        "title" : "Untitled",
        "transform" : [
          0.99998206,
          2.55852e-10,
          0.005996669,
          0,
          0.0029983337,
          0.8660254,
          -0.49999094,
          0,
          -0.0051932675,
          0.49999994,
          0.8660098,
          0,
          0.0995003,
          0.04590094,
          0.09496105,
          1
        ]
      },
      {
        "date" : 734558420.850001,
        "title" : "Untitled",
        "transform" : [
          0.99998194,
          0,
          0.0059966673,
          0,
          0.0029983334,
          0.8660254,
          -0.49999094,
          0,
          -0.0051932666,
          0.49999994,
          0.8660098,
          0,
          -0.9070424,
          1.7758298,
          1.3016481,
          1
        ]
      },
      {
        "date" : 734558405.820353,
        "title" : "Untitled",
        "transform" : [
          0.99999994,
          0,
          -0,
          0,
          -0,
          0.8660254,
          -0.49999994,
          0,
          0,
          0.49999994,
          0.8660254,
          0,
          0.099999994,
          0.9458794,
          -0.40529072,
          1
        ]
      },
      {
        "date" : 734558354.992361,
        "title" : "Untitled",
        "transform" : [
          0.99999994,
          0,
          -0,
          0,
          -0,
          0.8660254,
          -0.49999994,
          0,
          0,
          0.49999994,
          0.8660254,
          0,
          0,
          0.20098747,
          0.34812054,
          1
        ]
      }
    ],
    "48344D04-7D55-4362-8BC1-20D43360DDAB" : [
      {
        "date" : 733424740.460934,
        "title" : "Untitled",
        "transform" : [
          0.9994484,
          -4.956299e-10,
          0.033208627,
          0,
          0.00504765,
          0.98838085,
          -0.1519143,
          0,
          -0.03282277,
          0.15199813,
          0.98783565,
          0,
          0,
          1.7767797,
          3.5653336,
          1
        ]
      },
      {
        "date" : 733424729.661382,
        "title" : "Untitled",
        "transform" : [
          1,
          0,
          0,
          0,
          0,
          0.8660254,
          -0.5,
          0,
          0,
          0.5,
          0.8660254,
          0,
          0,
          0.06744862,
          0.13534424,
          1
        ]
      },
      {
        "date" : 733424724.538782,
        "title" : "Untitled",
        "transform" : [
          1,
          0,
          -0,
          0,
          -0,
          0.8660254,
          -0.5,
          0,
          0,
          0.5,
          0.8660254,
          0,
          0,
          0.063786566,
          0.12799583,
          1
        ]
      },
      {
        "date" : 733424682.06939,
        "title" : "Untitled",
        "transform" : [
          1,
          0,
          -0,
          0,
          -0,
          0.8660254,
          -0.5,
          0,
          0,
          0.5,
          0.8660254,
          0,
          0,
          0.21541455,
