{
  "advancedEditorSelectedIdentifier" : "ProjectBrowser",
  "openSceneRelativePaths" : [
    "terrain.usda"
  ],
  "recentIdentifiers" : {
    "04662CD1-E73B-4ED7-9D1F-BF59F92F5C19" : [

    ],
    "2CEF893F-A1CE-4BBC-B142-ABB87BE9C856" : [

    ],
    "793FC15C-1C03-4774-8863-74243EFC59F1" : [

    ],
    "9C53305B-09C4-4316-AEFB-55158CB29E2D" : [

    ],
    "B96FC8C5-3DA4-471E-A397-CE7B19527E70" : [

    ],
    "E71D0C0E-C8F7-4FAF-BA7F-9CE224012096" : [

    ]
  },
  "sceneCameraHistory" : {
    "04662CD1-E73B-4ED7-9D1F-BF59F92F5C19" : [
      {
        "date" : 769757262.18731,
        "title" : "Untitled",
        "transform" : [
          1,
          0,
          0,
          0,
          0,
          0.7071069,
          -0.7071067,
          0,
          0,
          0.7071067,
          0.7071069,
          0,
          -0.025365805,
          2962.4563,
          2276.6992,
          1
        ]
      },
      {
        "date" : 769757259.467624,
        "title" : "Untitled",
        "transform" : [
          1,
          0,
          0,
          0,
          0,
          0.7071069,
          -0.7071067,
          0,
          0,
          0.7071067,
          0.7071069,
          0,
          -0.028518595,
          3330.6687,
          2559.6772,
          1
        ]
      },
      {
        "date" : 769757235.032942,
        "title" : "Untitled",
        "transform" : [
          1,
          0,
          0,
          0,
          0,
          0.7071069,
          -0.7071067,
          0,
          0,
          0.7071067,
          0.7071069,
          0,
          -0.013086619,
          1885.8044,
          1538.4246,
          1
        ]
      },
      {
        "date" : 769757204.56436,
        "title" : "Untitled",
        "transform" : [
          1,
          0,
          0,
          0,
          0,
          0.7071069,
          -0.7071067,
          0,
          0,
          0.7071067,
          0.7071069,
          0,
          -0.03727682,
          6988.0566,
          5996.3833,
          1
        ]
      },
      {
        "date" : 769757177.687521,
        "title" : "Untitled",
        "transform" : [
          1,
          0,
          -0,
          0,
          -0,
          0.7071069,
          -0.7071067,
          0,
          0,
          0.7071067,
          0.7071069,
          0,
          -0.006451905,
          1929.3125,
          1071.5,
          1
        ]
      },
      {
        "date" : 769757173.102344,
        "title" : "Untitled",
        "transform" : [
          1,
          0,
          -0,
          0,
          -0,
          0.7071069,
          -0.7071067,
          0,
          0,
          0.7071067,
          0.7071069,
          0,
          -0.006451905,
          139953.9,
          172602.5,
          1
        ]
      },
      {
        "date" : 769757155.442135,
        "title" : "Untitled",
        "transform" : [
          1,
          0,
          0,
          0,
          0,
          0.7071069,
          -0.7071067,
          0,
          0,
          0.7071067,
          0.7071069,
          0,
          0.6107356,
          110950.664,
          61620.117,
          1
        ]
      },
      {
        "date" : 769757147.041161,
        "title" : "Untitled",
        "transform" : [
          1,
          0,
          -0,
          0,
          -0,
          0.7071069,
          -0.7071067,
          0,
          0,
          0.7071067,
          0.7071069,
          0,
          0.010620117,
          1929.3281,
          1071.5156,
          1
        ]
      },
      {
        "date" : 769757128.594291,
        "title" : "Untitled",
        "transform" : [
          1,
          0,
          0,
          0,
          0,
          0.7071069,
          -0.7071067,
          0,
          0,
          0.7071067,
          0.7071069,
          0,
          -1251.7472,
          141664.9,
          175964.38,
          1
        ]
      },
      {
        "date" : 769757124.754825,
        "title" : "Untitled",
        "transform" : [
          1,
          0,
          0,
          0,
          0,
          0.7071069,
          -0.7071067,
          0,
          0,
          0.7071067,
          0.7071069,
          0,
          46491.53,
          76412.24,
          47746.21,
          1
        ]
      }
    ],
    "2CEF893F-A1CE-4BBC-B142-ABB87BE9C856" : [
      {
        "date" : 769648418.885067,
        "title" : "Untitled",
        "transform" : [
          0.99954194,
          5.5072276e-09,
          0.030264538,
          0,
          -0.025476776,
          0.539785,
          0.8414172,
          0,
          -0.01633634,
          -0.84180284,
          0.5395378,
          0,
          -1371.9977,
          -1107.5879,
          1519.6558,
          1
        ]
      },
      {
        "date" : 769648416.671683,
        "title" : "Untitled",
        "transform" : [
          0.99954194,
          5.5072276e-09,
          0.030264538,
          0,
          -0.025476776,
          0.539785,
          0.8414172,
          0,
          -0.01633634,
          -0.84180284,
          0.5395378,
          0,
          -1326.364,
          -1070.7488,
          1469.111,
          1
        ]
      },
      {
        "date" : 769648402.715744,
        "title" : "Untitled",
        "transform" : [
          0.99528867,
          -1.4111737e-06,
          0.09695646,
          0,
          -0.08557226,
          0.47014165,
          0.87843287,
          0,
          -0.04558452,
          -0.88259095,
          0.4679265,
          0,
          -1491.2931,
          -98.26236,
          954.9969,
          1
        ]
      },
      {
        "date" : 769648400.822363,
        "title" : "Untitled",
        "transform" : [
          0.9281141,
          -1.4114986e-06,
          0.3722959,
          0,
          -0.29763886,
          0.60070515,
          0.74200034,
          0,
          -0.2236411,
          -0.79947066,
          0.5575225,
          0,
          -1511.1025,
          -89.015854,
          964.97174,
          1
        ]
      },
      {
        "date" : 769648383.97903,
        "title" : "Untitled",
        "transform" : [
          0.99899495,
          1.0742934e-05,
          0.044824515,
          0,
          -0.038189583,
          0.52377874,
          0.85099787,
          0,
          -0.023468971,
          -0.8518544,
          0.5232526,
          0,
          -1511.3468,
          -89.88926,
          965.58026,
          1
        ]
      },
      {
        "date" : 769648382.06527,
        "title" : "Untitled",
        "transform" : [
          0.99899495,
          1.0742934e-05,
          0.044824515,
          0,
          -0.038189583,
          0.52377874,
          0.85099787,
          0,
          -0.023468971,
          -0.8518544,
          0.5232526,
          0,
          -1511.2418,
          -86.02578,
          963.2083,
          1
        ]
      },
      {
        "date" : 769648369.301335,
        "title" : "Untitled",
        "transform" : [
          0.99899495,
          1.0742934e-05,
          0.044824515,
          0,
          -0.038189583,
          0.52377874,
          0.85099787,
          0,
          -0.023468971,
          -0.8518544,
          0.5232526,
          0,
          -1451.038,
          -47.538094,
          1028.5664,
          1
        ]
      },
      {
        "date" : 769648364.914922,
        "title" : "Untitled",
        "transform" : [
          0.99899495,
          1.0742934e-05,
          0.044824515,
          0,
          -0.038189583,
          0.52377874,
          0.85099787,
          0,
          -0.023468971,
          -0.8518544,
          0.5232526,
          0,
          -1451.9318,
          -49.553818,
          1025.2448,
          1
        ]
      },
      {
        "date" : 769641422.487114,
        "title" : "Untitled",
        "transform" : [
          0.99899495,
          1.0742934e-05,
          0.044824515,
          0,
          -0.038189583,
          0.52377874,
          0.85099787,
          0,
          -0.023468971,
          -0.8518544,
          0.5232526,
          0,
          -474.13382,
          -241.37997,
          756.8085,
          1
        ]
      },
      {
        "date" : 769641361.946268,
        "title" : "Untitled",
        "transform" : [
          0.99899495,
          1.0742934e-05,
          0.044824515,
          0,
          -0.038189583,
          0.52377874,
          0.85099787,
          0,
          -0.023468971,
          -0.8518544,
          0.5232526,
          0,
          117.98458,
          -334.61362,
          631.5819,
          1
        ]
      }
    ],
    "3F07CF74-A4F6-4751-B182-87F896CE6BCE" : [
      {
        "date" : 767593420.682478,
        "title" : "Untitled",
        "transform" : [
          -0.97016776,
          4.2184265e-09,
          0.24243478,
          0,
          -0.015259369,
          0.9980172,
          -0.061064452,
          0,
          -0.24195401,
          -0.06294207,
          -0.96824414,
          0,
          -3.7336721,
          0.6006999,
          -12.499657,
          1
        ]
      },
      {
        "date" : 767593413.997295,
        "title" : "Untitled",
        "transform" : [
          -0.97016776,
          4.2184265e-09,
          0.24243478,
          0,
          -0.015259369,
          0.9980172,
          -0.061064452,
          0,
          -0.24195401,
          -0.06294207,
          -0.96824414,
          0,
          -1.4632548,
          1.1913267,
          -3.4139671,
          1
        ]
      },
      {
        "date" : 767593385.840214,
        "title" : "Untitled",
        "transform" : [
          -0.7858937,
          8.8758725e-09,
          0.61836153,
          0,
          0.04141289,
          0.9977548,
          0.052632887,
          0,
          -0.6169731,
          0.0669721,
          -0.78412944,
          0,
          -13.767377,
          -0.24768482,
          -13.001688,
          1
        ]
      },
      {
        "date" : 767593378.365639,
        "title" : "Untitled",
        "transform" : [
          -0.38685042,
          1.0665099e-08,
          0.9221424,
          0,
          0.2042813,
          0.9751538,
          0.085698634,
          0,
          -0.8992306,
          0.22152914,
          -0.37723884,
          0,
          -18.17974,
          2.6738098,
          -4.6078577,
          1
        ]
      },
      {
        "date" : 767584810.952926,
        "title" : "Untitled",
        "transform" : [
          -0.8964462,
          1.1478079e-08,
          0.4431528,
          0,
          0.08344801,
          0.9821105,
          0.1688056,
          0,
          -0.4352248,
          0.18830544,
          -0.88040924,
          0,
          -10.741287,
          2.0426507,
          -15.460432,
          1
        ]
      },
      {
        "date" : 767582855.69479,
        "title" : "Untitled",
        "transform" : [
          -0.99999183,
          1.1456771e-08,
          0.004019088,
          0,
          0.0007489624,
          0.9824816,
          0.18635827,
          0,
          -0.0039484235,
          0.18635987,
          -0.9824736,
          0,
          -2.8465438,
          2.0057447,
          -18.610355,
          1
        ]
      },
      {
        "date" : 767582540.695367,
        "title" : "Untitled",
        "transform" : [
          -0.8093298,
          7.1011885e-09,
          0.5873546,
          0,
          0.28963155,
          0.8699659,
          0.3990902,
          0,
          -0.5109783,
          0.49311203,
          -0.70408934,
          0,
          -9.447366,
          5.2252703,
          -8.285407,
          1
        ]
      },
      {
        "date" : 767582526.80249,
        "title" : "Untitled",
        "transform" : [
          -0.3357443,
          6.9633916e-09,
          0.94195324,
          0,
          0.45390025,
          0.876242,
          0.16178556,
          0,
          -0.82537884,
          0.48187143,
          -0.29419327,
          0,
          -10.572294,
          3.8320036,
          -0.49108106,
          1
        ]
      },
      {
        "date" : 767582518.914506,
        "title" : "Untitled",
        "transform" : [
          -0.9998405,
          -1.9526811e-09,
          -0.01786131,
          0,
          -0.002671872,
          0.9887482,
          0.1495663,
          0,
          0.017660357,
          0.14959022,
          -0.98859036,
          0,
          -2.825726,
          0.56534356,
          -13.951807,
          1
        ]
      },
      {
        "date" : 767582510.62854,
        "title" : "Untitled",
        "transform" : [
          -0.95654005,
          -1.8230635e-09,
          0.291601,
          0,
          -0.010150162,
          0.99939406,
          -0.033295635,
          0,
          -0.29142427,
          -0.034808338,
          -0.95596045,
          0,
          -4.1673803,
          -1.1993983,
          -7.3417816,
          1
        ]
      }
    ],
    "793FC15C-1C03-4774-8863-74243EFC59F1" : [
      {
        "date" : 769756866.513811,
        "title" : "Untitled",
        "transform" : [
          1,
          0,
          0,
          0,
          0,
          0.7071069,
          -0.7071067,
          0,
          0,
          0.7071067,
          0.7071069,
          0,
          0,
          18.079105,
          18.079111,
          1
        ]
      },
      {
        "date" : 769756861.059453,
        "title" : "Untitled",
        "transform" : [
          1,
          0,
          -0,
          0,
          -0,
          0.7071069,
          -0.7071067,
          0,
          0,
          0.7071067,
          0.7071069,
          0,
          0,
          0.094896354,
          0.09489638,
          1
        ]
      },
      {
        "date" : 769756576.570534,
        "title" : "Untitled",
        "transform" : [
          1,
          0,
          -0,
          0,
          -0,
          0.7071069,
          -0.7071067,
          0,
          0,
          0.7071067,
          0.7071069,
          0,
          0,
          0.09489637,
          0.094896406,
          1
        ]
      },
      {
        "date" : 769756574.009318,
        "title" : "Untitled",
        "transform" : [
          1,
          0,
          -0,
          0,
          -0,
          0.7071069,
          -0.7071067,
          0,
          0,
          0.7071067,
          0.7071069,
          0,
          0,
          0.09489608,
          0.0948962,
          1
        ]
      }
    ],
    "9C53305B-09C4-4316-AEFB-55158CB29E2D" : [
      {
        "date" : 761030080.40092,
        "title" : "Untitled",
        "transform" : [
          0.9998976,
          -6.6418215e-10,
          -0.014313342,
          0,
          -0.0043711285,
          0.95222783,
          -0.30535716,
          0,
          0.013629561,
          0.30538845,
          0.95213026,
          0,
          0.0013253242,
          1.5626873,
          1.4581237,
          1
        ]
      },
      {
        "date" : 761030075.917522,
        "title" : "Untitled",
        "transform" : [
          0.9998976,
          -6.6418215e-10,
          -0.014313342,
          0,
          -0.0043711285,
          0.95222783,
          -0.30535716,
          0,
          0.013629561,
          0.30538845,
          0.95213026,
          0,
          0.023256943,
          1.7213116,
          0.7793622,
          1
        ]
      },
      {
        "date" : 761029906.622407,
        "title" : "Untitled",
        "transform" : [
          0.9998976,
          -6.6418215e-10,
          -0.014313342,
          0,
          -0.0043711285,
          0.95222783,
          -0.30535716,
          0,
          0.013629561,
          0.30538845,
          0.95213026,
          0,
          -0.40046275,
          0.75235105,
          1.0962157,
          1
        ]
      },
      {
        "date" : 761019769.447552,
        "title" : "Untitled",
        "transform" : [
          0.9998976,
          -6.6418215e-10,
          -0.014313342,
          0,
          -0.0043711285,
          0.95222783,
          -0.30535716,
          0,
          0.013629561,
          0.30538845,
          0.95213026,
          0,
          0.07227975,
          1.7353451,
          0.7741604,
          1
        ]
      },
      {
        "date" : 761019763.04147,
        "title" : "Untitled",
        "transform" : [
          0.9998976,
          -6.6418215e-10,
          -0.014313342,
          0,
          -0.0043711285,
          0.95222783,
          -0.30535716,
          0,
          0.013629561,
          0.30538845,
          0.95213026,
          0,
          0.100108564,
          1.6485598,
          0.8015976,
          1
        ]
      },
      {
        "date" : 761019759.295136,
        "title" : "Untitled",
        "transform" : [
          0.9998976,
          -6.6418215e-10,
          -0.014313342,
          0,
          -0.0043711285,
          0.95222783,
          -0.30535716,
          0,
          0.013629561,
          0.30538845,
          0.95213026,
          0,
          0.44655055,
          1.7003481,
          0.7800288,
          1
        ]
      },
      {
        "date" : 761019757.474919,
        "title" : "Untitled",
        "transform" : [
          0.9998976,
          -6.6418215e-10,
          -0.014313342,
          0,
          -0.0043711285,
          0.95222783,
          -0.30535716,
          0,
          0.013629561,
          0.30538845,
          0.95213026,
          0,
          0.6776507,
          1.7213223,
          0.7699938,
          1
        ]
      },
      {
        "date" : 761019753.908739,
        "title" : "Untitled",
        "transform" : [
          0.9998976,
          -6.6418215e-10,
          -0.014313342,
          0,
          -0.0043711285,
          0.95222783,
          -0.30535716,
          0,
          0.013629561,
          0.30538845,
          0.95213026,
          0,
          -0.08198908,
          1.7213213,
          0.78086805,
          1
        ]
      },
      {
        "date" : 761019750.579065,
        "title" : "Untitled",
        "transform" : [
          0.9998976,
          -6.6418215e-10,
          -0.014313342,
          0,
          -0.0043711285,
          0.95222783,
          -0.30535716,
          0,
          0.013629561,
          0.30538845,
          0.95213026,
          0,
          -0.36469224,
          1.7006028,
          0.79156065,
          1
        ]
      },
      {
        "date" : 761019746.158647,
        "title" : "Untitled",
        "transform" : [
          0.9998976,
          -6.6418215e-10,
          -0.014313342,
          0,
          -0.0043711285,
          0.95222783,
          -0.30535716,
          0,
          0.013629561,
          0.30538845,
          0.95213026,
          0,
          0.13283435,
          1.8108971,
          0.7490628,
          1
        ]
      }
    ],
    "B96FC8C5-3DA4-471E-A397-CE7B19527E70" : [
      {
        "date" : 761075317.575234,
        "title" : "Untitled",
        "transform" : [
          -0.08142421,
          -1.3643027e-08,
          0.99667954,
          0,
          0.23384562,
          0.9720861,
          0.019104103,
          0,
          -0.9688581,
          0.23462497,
          -0.07915115,
          0,
          -14.343032,
          5.575908,
          -4.3836074,
          1
        ]
      },
      {
        "date" : 761075307.766937,
        "title" : "Untitled",
        "transform" : [
          0.1327819,
          -1.2756401e-08,
          0.9911452,
          0,
          0.07570535,
          0.9970787,
          -0.0101421345,
          0,
          -0.9882497,
          0.07638199,
          0.13239416,
          0,
          -15.643821,
          3.1645267,
          -1.1340066,
          1
        ]
      },
      {
        "date" : 761075274.308318,
        "title" : "Untitled",
        "transform" : [
          -0.9940992,
          -1.4958726e-08,
          0.108474515,
          0,
          0.09441642,
          0.4923427,
          0.8652654,
          0,
          -0.05340681,
          0.87040156,
          -0.48943722,
          0,
          2.5389116,
          14.512168,
          -6.2434163,
          1
        ]
      },
      {
        "date" : 761075272.658143,
        "title" : "Untitled",
        "transform" : [
          -0.9940992,
          -1.4958726e-08,
          0.108474515,
          0,
          0.09441642,
          0.4923427,
          0.8652654,
          0,
          -0.05340681,
          0.87040156,
          -0.48943722,
          0,
          1.3758702,
          7.864339,
          -3.3833911,
          1
        ]
      },
      {
        "date" : 761075262.916406,
        "title" : "Untitled",
        "transform" : [
          -0.99677134,
          -1.0083498e-08,
          -0.08029337,
          0,
          -0.057727855,
          0.69504917,
          0.7166409,
          0,
          0.055807672,
          0.7189624,
          -0.6928049,
          0,
          5.415451,
          17.243135,
          -12.48927,
          1
        ]
      },
      {
        "date" : 761075235.904034,
        "title" : "Untitled",
        "transform" : [
          -0.14570671,
          -1.01314e-08,
          -0.9893279,
          0,
          -0.70522785,
          0.70133144,
          0.10386494,
          0,
          0.6938465,
          0.7128355,
          -0.10218881,
          0,
          13.535884,
          17.129414,
          2.449028,
          1
        ]
      },
      {
        "date" : 761075194.119765,
        "title" : "Untitled",
        "transform" : [
          -0.14570671,
          -1.01314e-08,
          -0.9893279,
          0,
          -0.70522785,
          0.70133144,
          0.10386494,
          0,
          0.6938465,
          0.7128355,
          -0.10218881,
          0,
          14.201001,
          16.75429,
          4.348347,
          1
        ]
      },
      {
        "date" : 761075175.356985,
        "title" : "Untitled",
        "transform" : [
          -0.06920626,
          -3.3851142e-09,
          0.9976024,
          0,
          0.87755704,
          0.47559166,
          0.060878396,
          0,
          -0.47445127,
          0.87966615,
          -0.032913867,
          0,
          -21.013527,
          21.832523,
          15.490295,
          1
        ]
      },
      {
        "date" : 761075165.837347,
        "title" : "Untitled",
        "transform" : [
          -0.121205986,
          -6.04331e-09,
          -0.9926273,
          0,
          -0.8233073,
          0.5586222,
          0.100531,
          0,
          0.5545037,
          0.8294223,
          -0.067708455,
          0,
          10.982738,
          20.258476,
          5.254085,
          1
        ]
      },
      {
        "date" : 761075147.270614,
        "title" : "Untitled",
        "transform" : [
          0.37552163,
          -4.9252424e-09,
          -0.9268138,
          0,
          -0.27891254,
          0.95364416,
          -0.11300828,
          0,
          0.8838504,
          0.30093697,
          0.35811383,
          0,
          20.36556,
          5.121606,
          17.443813,
          1
        ]
      }
    ],
    "E71D0C0E-C8F7-4FAF-BA7F-9CE224012096" : [
      {
        "date" : 761074138.547162,
        "title" : "Untitled",
        "transform" : [
          0.30734178,
          -9.1457215e-09,
          0.9515992,
          0,
          -0.38867065,
          0.9127855,
          0.1255305,
          0,
          -0.86860585,
          -0.4084395,
          0.28053704,
          0,
          -43.890682,
          10.539856,
          13.132438,
          1
        ]
      },
      {
        "date" : 761074135.985626,
        "title" : "Untitled",
        "transform" : [
          0.30734178,
          -9.1457215e-09,
          0.9515992,
          0,
          -0.38867065,
          0.9127855,
          0.1255305,
          0,
          -0.86860585,
          -0.4084395,
          0.28053704,
          0,
          -43.876656,
          10.546452,
          13.127907,
          1
        ]
      },
      {
        "date" : 761074130.469626,
        "title" : "Untitled",
        "transform" : [
          0.30734178,
          -9.1457215e-09,
          0.9515992,
          0,
          -0.38867065,
          0.9127855,
          0.1255305,
          0,
          -0.86860585,
          -0.4084395,
          0.28053704,
          0,
          -43.959568,
          10.704623,
          13.101473,
          1
        ]
      },
      {
        "date" : 761071405.483845,
        "title" : "Untitled",
        "transform" : [
          0.30734178,
          -9.1457215e-09,
          0.9515992,
          0,
          -0.38867065,
          0.9127855,
          0.1255305,
          0,
          -0.86860585,
          -0.4084395,
          0.28053704,
          0,
          -40.919666,
          3.8793182,
          12.576591,
          1
        ]
      },
      {
        "date" : 761071400.231675,
        "title" : "Untitled",
        "transform" : [
          0.9364051,
          -5.5405707e-09,
          0.35092095,
          0,
          -0.0055526528,
          0.99987483,
          0.014816772,
          0,
          -0.35087705,
          -0.015823089,
          0.9362879,
          0,
          -13.839748,
          20.428215,
          35.196423,
          1
        ]
      },
      {
        "date" : 761071392.740531,
        "title" : "Untitled",
        "transform" : [
          0.9324751,
          2.946174e-09,
          0.36123437,
          0,
          0.09306195,
          0.9662458,
          -0.24022622,
          0,
          -0.34904116,
          0.25762206,
          0.901,
          0,
          -35.46056,
          90.87576,
          86.42933,
          1
        ]
      },
      {
        "date" : 761071385.336271,
        "title" : "Untitled",
        "transform" : [
          0.99144953,
          -1.3496098e-09,
          -0.13049005,
          0,
          -0.06234042,
          0.87850094,
          -0.47365585,
          0,
          0.11463562,
          0.47774065,
          0.8709894,
          0,
          3.474988,
          53.03914,
          33.200855,
          1
        ]
      },
      {
        "date" : 761071333.171919,
        "title" : "Untitled",
        "transform" : [
          0.99144953,
          -1.3496098e-09,
          -0.13049005,
          0,
          -0.062340412,
          0.8785008,
          -0.4736558,
          0,
          0.11463562,
          0.47774065,
          0.8709894,
          0,
          -4.0558863,
          6.199757,
          12.64187,
          1
        ]
      },
      {
        "date" : 761071303.739332,
        "title" : "Untitled",
        "transform" : [
          0.99573785,
          1.5394039e-09,
          -0.09222808,
          0,
          -0.0045725508,
          0.9987702,
          -0.0493674,
          0,
          0.09211465,
          0.049578708,
          0.99451333,
          0,
          -4.401084,
          0.3815003,
          13.9710045,
          1
        ]
      },
      {
        "date" : 761071272.725039,
        "title" : "Untitled",
        "transform" : [
          0.99573785,
          1.9085138e-09,
          -0.09222806,
          0,
          -0.0045725503,
          0.9987702,
          -0.0493674,
          0,
          0.092114635,
          0.049578708,
          0.99451333,
          0,
          -4.0700765,
          1.2959175,
          9.16082,
          1
        ]
      }
    ]
  },
  "sceneViewportBackgroundColors" : {

  },
  "selectedSceneRelativePath" : "terrain.usda"
}