{
  "advancedEditorSelectedIdentifier" : "ProjectBrowser",
  "openSceneRelativePaths" : [
    "FlashScene.usda",
    "Garden.usda",
    "plane.usda"
  ],
  "recentIdentifiers" : {
    "9C53305B-09C4-4316-AEFB-55158CB29E2D" : [

    ],
    "B96FC8C5-3DA4-471E-A397-CE7B19527E70" : [

    ],
    "E71D0C0E-C8F7-4FAF-BA7F-9CE224012096" : [

    ]
  },
  "sceneCameraHistory" : {
    "9C53305B-09C4-4316-AEFB-55158CB29E2D" : [
      {
        "date" : 761030080.40092,
        "title" : "Untitled",
        "transform" : [
          0.9998976,
          -6.6418215e-10,
          -0.014313342,
          0,
          -0.0043711285,
          0.95222783,
          -0.30535716,
          0,
          0.013629561,
          0.30538845,
          0.95213026,
          0,
          0.0013253242,
          1.5626873,
          1.4581237,
          1
        ]
      },
      {
        "date" : 761030075.917522,
        "title" : "Untitled",
        "transform" : [
          0.9998976,
          -6.6418215e-10,
          -0.014313342,
          0,
          -0.0043711285,
          0.95222783,
          -0.30535716,
          0,
          0.013629561,
          0.30538845,
          0.95213026,
          0,
          0.023256943,
          1.7213116,
          0.7793622,
          1
        ]
      },
      {
        "date" : 761029906.622407,
        "title" : "Untitled",
        "transform" : [
          0.9998976,
          -6.6418215e-10,
          -0.014313342,
          0,
          -0.0043711285,
          0.95222783,
          -0.30535716,
          0,
          0.013629561,
          0.30538845,
          0.95213026,
          0,
          -0.40046275,
          0.75235105,
          1.0962157,
          1
        ]
      },
      {
        "date" : 761019769.447552,
        "title" : "Untitled",
        "transform" : [
          0.9998976,
          -6.6418215e-10,
          -0.014313342,
          0,
          -0.0043711285,
          0.95222783,
          -0.30535716,
          0,
          0.013629561,
          0.30538845,
          0.95213026,
          0,
          0.07227975,
          1.7353451,
          0.7741604,
          1
        ]
      },
      {
        "date" : 761019763.04147,
        "title" : "Untitled",
        "transform" : [
          0.9998976,
          -6.6418215e-10,
          -0.014313342,
          0,
          -0.0043711285,
          0.95222783,
          -0.30535716,
          0,
          0.013629561,
          0.30538845,
          0.95213026,
          0,
          0.100108564,
          1.6485598,
          0.8015976,
          1
        ]
      },
      {
        "date" : 761019759.295136,
        "title" : "Untitled",
        "transform" : [
          0.9998976,
          -6.6418215e-10,
          -0.014313342,
          0,
          -0.0043711285,
          0.95222783,
          -0.30535716,
          0,
          0.013629561,
          0.30538845,
          0.95213026,
          0,
          0.44655055,
          1.7003481,
          0.7800288,
          1
        ]
      },
      {
        "date" : 761019757.474919,
        "title" : "Untitled",
        "transform" : [
          0.9998976,
          -6.6418215e-10,
          -0.014313342,
          0,
          -0.0043711285,
          0.95222783,
          -0.30535716,
          0,
          0.013629561,
          0.30538845,
          0.95213026,
          0,
          0.6776507,
          1.7213223,
          0.7699938,
          1
        ]
      },
      {
        "date" : 761019753.908739,
        "title" : "Untitled",
        "transform" : [
          0.9998976,
          -6.6418215e-10,
          -0.014313342,
          0,
          -0.0043711285,
          0.95222783,
          -0.30535716,
          0,
          0.013629561,
          0.30538845,
          0.95213026,
          0,
          -0.08198908,
          1.7213213,
          0.78086805,
          1
        ]
      },
      {
        "date" : 761019750.579065,
        "title" : "Untitled",
        "transform" : [
          0.9998976,
          -6.6418215e-10,
          -0.014313342,
          0,
          -0.0043711285,
          0.95222783,
          -0.30535716,
          0,
          0.013629561,
          0.30538845,
          0.95213026,
          0,
          -0.36469224,
          1.7006028,
          0.79156065,
          1
        ]
      },
      {
        "date" : 761019746.158647,
        "title" : "Untitled",
        "transform" : [
          0.9998976,
          -6.6418215e-10,
          -0.014313342,
          0,
          -0.0043711285,
          0.95222783,
          -0.30535716,
          0,
          0.013629561,
          0.30538845,
          0.95213026,
          0,
          0.13283435,
          1.8108971,
          0.7490628,
          1
        ]
      }
    ],
    "B96FC8C5-3DA4-471E-A397-CE7B19527E70" : [
      {
        "date" : 761075274.308318,
        "title" : "Untitled",
        "transform" : [
          -0.9940992,
          -1.4958726e-08,
          0.108474515,
          0,
          0.09441642,
          0.4923427,
          0.8652654,
          0,
          -0.05340681,
          0.87040156,
          -0.48943722,
          0,
          2.5389116,
          14.512168,
          -6.2434163,
          1
        ]
      },
      {
        "date" : 761075272.658143,
        "title" : "Untitled",
        "transform" : [
          -0.9940992,
          -1.4958726e-08,
          0.108474515,
          0,
          0.09441642,
          0.4923427,
          0.8652654,
          0,
          -0.05340681,
          0.87040156,
          -0.48943722,
          0,
          1.3758702,
          7.864339,
          -3.3833911,
          1
        ]
      },
      {
        "date" : 761075262.916406,
        "title" : "Untitled",
        "transform" : [
          -0.99677134,
          -1.0083498e-08,
          -0.08029337,
          0,
          -0.057727855,
          0.69504917,
          0.7166409,
          0,
          0.055807672,
          0.7189624,
          -0.6928049,
          0,
          5.415451,
          17.243135,
          -12.48927,
          1
        ]
      },
      {
        "date" : 761075235.904034,
        "title" : "Untitled",
        "transform" : [
          -0.14570671,
          -1.01314e-08,
          -0.9893279,
          0,
          -0.70522785,
          0.70133144,
          0.10386494,
          0,
          0.6938465,
          0.7128355,
          -0.10218881,
          0,
          13.535884,
          17.129414,
          2.449028,
          1
        ]
      },
      {
        "date" : 761075194.119765,
        "title" : "Untitled",
        "transform" : [
          -0.14570671,
          -1.01314e-08,
          -0.9893279,
          0,
          -0.70522785,
          0.70133144,
          0.10386494,
          0,
          0.6938465,
          0.7128355,
          -0.10218881,
          0,
          14.201001,
          16.75429,
          4.348347,
          1
        ]
      },
      {
        "date" : 761075175.356985,
        "title" : "Untitled",
        "transform" : [
          -0.06920626,
          -3.3851142e-09,
          0.9976024,
          0,
          0.87755704,
          0.47559166,
          0.060878396,
          0,
          -0.47445127,
          0.87966615,
          -0.032913867,
          0,
          -21.013527,
          21.832523,
          15.490295,
          1
        ]
      },
      {
        "date" : 761075165.837347,
        "title" : "Untitled",
        "transform" : [
          -0.121205986,
          -6.04331e-09,
          -0.9926273,
          0,
          -0.8233073,
          0.5586222,
          0.100531,
          0,
          0.5545037,
          0.8294223,
          -0.067708455,
          0,
          10.982738,
          20.258476,
          5.254085,
          1
        ]
      },
      {
        "date" : 761075147.270614,
        "title" : "Untitled",
        "transform" : [
          0.37552163,
          -4.9252424e-09,
          -0.9268138,
          0,
          -0.27891254,
          0.95364416,
          -0.11300828,
          0,
          0.8838504,
          0.30093697,
          0.35811383,
          0,
          20.36556,
          5.121606,
          17.443813,
          1
        ]
      },
      {
        "date" : 761075128.707569,
        "title" : "Untitled",
        "transform" : [
          0.23446144,
          6.7049832e-09,
          -0.9721255,
          0,
          -0.80215627,
          0.5649033,
          -0.19346748,
          0,
          0.54915684,
          0.8251571,
          0.13244793,
          0,
          15.917855,
          18.564362,
          13.0492115,
          1
        ]
      },
      {
        "date" : 761075081.478876,
        "title" : "Untitled",
        "transform" : [
          0.69544256,
          5.01616e-09,
          -0.7185818,
          0,
          -0.33771947,
          0.8826768,
          -0.32684445,
          0,
          0.6342755,
          0.46998054,
          0.6138509,
          0,
          15.385114,
          9.967242,
          27.068104,
          1
        ]
      }
    ],
    "E71D0C0E-C8F7-4FAF-BA7F-9CE224012096" : [
      {
        "date" : 761074138.547162,
        "title" : "Untitled",
        "transform" : [
          0.30734178,
          -9.1457215e-09,
          0.9515992,
          0,
          -0.38867065,
          0.9127855,
          0.1255305,
          0,
          -0.86860585,
          -0.4084395,
          0.28053704,
          0,
          -43.890682,
          10.539856,
          13.132438,
          1
        ]
      },
      {
        "date" : 761074135.985626,
        "title" : "Untitled",
        "transform" : [
          0.30734178,
          -9.1457215e-09,
          0.9515992,
          0,
          -0.38867065,
          0.9127855,
          0.1255305,
          0,
          -0.86860585,
          -0.4084395,
          0.28053704,
          0,
          -43.876656,
          10.546452,
          13.127907,
          1
        ]
      },
      {
        "date" : 761074130.469626,
        "title" : "Untitled",
        "transform" : [
          0.30734178,
          -9.1457215e-09,
          0.9515992,
          0,
          -0.38867065,
          0.9127855,
          0.1255305,
          0,
          -0.86860585,
          -0.4084395,
          0.28053704,
          0,
          -43.959568,
          10.704623,
          13.101473,
          1
        ]
      },
      {
        "date" : 761071405.483845,
        "title" : "Untitled",
        "transform" : [
          0.30734178,
          -9.1457215e-09,
          0.9515992,
          0,
          -0.38867065,
          0.9127855,
          0.1255305,
          0,
          -0.86860585,
          -0.4084395,
          0.28053704,
          0,
          -40.919666,
          3.8793182,
          12.576591,
          1
        ]
      },
      {
        "date" : 761071400.231675,
        "title" : "Untitled",
        "transform" : [
          0.9364051,
          -5.5405707e-09,
          0.35092095,
          0,
          -0.0055526528,
          0.99987483,
          0.014816772,
          0,
          -0.35087705,
          -0.015823089,
          0.9362879,
          0,
          -13.839748,
          20.428215,
          35.196423,
          1
        ]
      },
      {
        "date" : 761071392.740531,
        "title" : "Untitled",
        "transform" : [
          0.9324751,
          2.946174e-09,
          0.36123437,
          0,
          0.09306195,
          0.9662458,
          -0.24022622,
          0,
          -0.34904116,
          0.25762206,
          0.901,
          0,
          -35.46056,
          90.87576,
          86.42933,
          1
        ]
      },
      {
        "date" : 761071385.336271,
        "title" : "Untitled",
        "transform" : [
          0.99144953,
          -1.3496098e-09,
          -0.13049005,
          0,
          -0.06234042,
          0.87850094,
          -0.47365585,
          0,
          0.11463562,
          0.47774065,
          0.8709894,
          0,
          3.474988,
          53.03914,
          33.200855,
          1
        ]
      },
      {
        "date" : 761071333.171919,
        "title" : "Untitled",
        "transform" : [
          0.99144953,
          -1.3496098e-09,
          -0.13049005,
          0,
          -0.062340412,
          0.8785008,
          -0.4736558,
          0,
          0.11463562,
          0.47774065,
          0.8709894,
          0,
          -4.0558863,
          6.199757,
          12.64187,
          1
        ]
      },
      {
        "date" : 761071303.739332,
        "title" : "Untitled",
        "transform" : [
          0.99573785,
          1.5394039e-09,
          -0.09222808,
          0,
          -0.0045725508,
          0.9987702,
          -0.0493674,
          0,
          0.09211465,
          0.049578708,
          0.99451333,
          0,
          -4.401084,
          0.3815003,
          13.9710045,
          1
        ]
      },
      {
        "date" : 761071272.725039,
        "title" : "Untitled",
        "transform" : [
          0.99573785,
          1.9085138e-09,
          -0.09222806,
          0,
          -0.0045725503,
          0.9987702,
          -0.0493674,
          0,
          0.092114635,
          0.049578708,
          0.99451333,
          0,
          -4.0700765,
          1.2959175,
          9.16082,
          1
        ]
      }
    ]
  },
  "sceneViewportBackgroundColors" : {

  },
  "selectedSceneRelativePath" : "plane.usda"
}